L-L:4.0;0.028583333333333332;L-M:4.0;0.14475;L-S:4.0;0.09975;
M-L:4.0;0.06891666666666667;M-M:4.0;0.43616666666666665;M-S:4.0;0.21191666666666667;
S-L:4.0;0.008916666666666666;S-M:4.0;0.14108333333333334;S-S:4.0;0.09541666666666666;
