L-L:4.0;0.04533333333333333;L-M:4.0;0.0;L-S:4.0;0.09891666666666667;
M-L:4.0;0.0;M-M:4.0;0.0;M-S:4.0;0.0;
S-L:4.0;0.023583333333333335;S-M:4.0;0.0;S-S:4.0;0.11299999999999999;
