L-L:4.0;0.026416666666666665;L-M:4.0;0.08116666666666666;L-S:4.0;0.03716666666666667;
M-L:4.0;0.03516666666666667;M-M:4.0;0.2679166666666667;M-S:4.0;0.12916666666666668;
S-L:4.0;0.007333333333333334;S-M:4.0;0.08708333333333333;S-S:4.0;0.04558333333333334;
