L:4.0;7.179333333333334;M:4.0;0.0;S:4.0;79.83891666666666;
L:4.0;1.6712500000000001;M:4.0;8.921;S:4.0;94.45383333333334;
