L-L:4.0;0.004166666666666667;L-M:4.0;0.0;L-S:4.0;0.043000000000000003;
M-L:4.0;0.0;M-M:4.0;0.0;M-S:4.0;0.0;
S-L:4.0;0.0015;S-M:4.0;0.0;S-S:4.0;0.029666666666666668;
