L-L:4.0;8.333333333333334e-05;L-M:4.0;0.0135;L-S:4.0;0.06783333333333334;
M-L:4.0;0.0;M-M:4.0;0.00075;M-S:4.0;0.012;
S-L:4.0;8.333333333333334e-05;S-M:4.0;0.0022500000000000003;S-S:4.0;0.015;
