L-L:4.0;0.020083333333333335;L-M:4.0;0.0;L-S:4.0;0.12375;
M-L:4.0;0.0;M-M:4.0;0.0;M-S:4.0;0.0;
S-L:4.0;0.06316666666666666;S-M:4.0;0.0;S-S:4.0;0.10433333333333333;
