L-L:4.0;0.005166666666666667;L-M:4.0;0.050916666666666666;L-S:4.0;0.05566666666666666;
M-L:4.0;0.005666666666666666;M-M:4.0;0.02283333333333333;M-S:4.0;0.07266666666666667;
S-L:4.0;0.022333333333333334;S-M:4.0;0.043166666666666666;S-S:4.0;0.12125;
