L-L:4.0;0.0;L-M:4.0;0.0005;L-S:4.0;0.010750000000000001;
M-L:4.0;0.0;M-M:4.0;8.333333333333334e-05;M-S:4.0;0.00025;
S-L:4.0;0.0;S-M:4.0;0.0001666666666666667;S-S:4.0;0.001;
