L-L:4.0;0.0033333333333333335;L-M:4.0;0.012750000000000001;L-S:4.0;0.03283333333333333;
M-L:4.0;0.0010833333333333333;M-M:4.0;0.004083333333333334;M-S:4.0;0.014;
S-L:4.0;0.00125;S-M:4.0;0.006;S-S:4.0;0.025833333333333333;
