L-L:3.0,4.0,5.0;0.00175,0.008333333333333333,0.02675;L-M:3.0,4.0,5.0;0.0,0.0,0.0;L-S:3.0,4.0,5.0;0.16849999999999998,0.18008333333333332,0.16883333333333334;
M-L:3.0,4.0,5.0;0.0,0.0,0.0;M-M:3.0,4.0,5.0;0.0,0.0,0.0;M-S:3.0,4.0,5.0;0.0,0.0,0.0;
S-L:3.0,4.0,5.0;0.002,0.016833333333333332,0.043833333333333335;S-M:3.0,4.0,5.0;0.0,0.0,0.0;S-S:3.0,4.0,5.0;0.06066666666666667,0.05608333333333333,0.042416666666666665;
