L-L:3.0,4.0,5.0;0.0005,0.003916666666666666,0.02316666666666667;L-M:3.0,4.0,5.0;0.036000000000000004,0.06008333333333333,0.11875;L-S:3.0,4.0,5.0;0.13175,0.1255,0.15766666666666665;
M-L:3.0,4.0,5.0;0.0003333333333333334,0.007333333333333334,0.049416666666666664;M-M:3.0,4.0,5.0;0.0295,0.08299999999999999,0.21541666666666667;M-S:3.0,4.0,5.0;0.11075,0.188,0.28875;
S-L:3.0,4.0,5.0;0.0008333333333333334,0.012333333333333333,0.06583333333333333;S-M:3.0,4.0,5.0;0.08966666666666666,0.167,0.27199999999999996;S-S:3.0,4.0,5.0;0.07158333333333333,0.07925,0.08366666666666667;
