L:4.0;1.03875;M:4.0;0.0;S:4.0;101.77516666666668;
L:4.0;1.0516666666666667;M:4.0;5.363333333333333;S:4.0;107.90833333333333;
