L-L:4.0;0.07558333333333334;L-M:4.0;0.0;L-S:4.0;0.24783333333333332;
M-L:4.0;0.0;M-M:4.0;0.0;M-S:4.0;0.0;
S-L:4.0;0.12533333333333332;S-M:4.0;0.0;S-S:4.0;0.17616666666666667;
