L-L:4.0;0.0003333333333333334;L-M:4.0;0.0;L-S:4.0;0.028833333333333336;
M-L:4.0;0.0;M-M:4.0;0.0;M-S:4.0;0.0;
S-L:4.0;0.0019166666666666666;S-M:4.0;0.0;S-S:4.0;3.3665833333333333;
