L-L:4.0;0.00625;L-M:4.0;0.0;L-S:4.0;0.16858333333333334;
M-L:4.0;0.0;M-M:4.0;0.0;M-S:4.0;0.0;
S-L:4.0;0.0019166666666666666;S-M:4.0;0.0;S-S:4.0;0.65375;
