L-L:4.0;0.0031666666666666666;L-M:4.0;0.029166666666666667;L-S:4.0;0.14233333333333334;
M-L:4.0;0.0022500000000000003;M-M:4.0;1.3349166666666668;M-S:4.0;3.3930833333333332;
S-L:4.0;0.0025833333333333333;S-M:4.0;3.4147499999999997;S-S:4.0;3.249416666666667;
