L-L:3.0,4.0,5.0;0.0030833333333333333,0.010916666666666667,0.030166666666666668;L-M:3.0,4.0,5.0;0.0,0.0,0.0;L-S:3.0,4.0,5.0;0.17166666666666666,0.18216666666666667,0.15708333333333332;
M-L:3.0,4.0,5.0;0.0,0.0,0.0;M-M:3.0,4.0,5.0;0.0,0.0,0.0;M-S:3.0,4.0,5.0;0.0,0.0,0.0;
S-L:3.0,4.0,5.0;0.005083333333333333,0.025583333333333333,0.05325;S-M:3.0,4.0,5.0;0.0,0.0,0.0;S-S:3.0,4.0,5.0;0.14566666666666667,0.12408333333333334,0.056;
