L-L:3.0,4.0,5.0;0.0003333333333333334,0.0030833333333333333,0.0205;L-M:3.0,4.0,5.0;0.0,0.0,0.0;L-S:3.0,4.0,5.0;0.036000000000000004,0.052583333333333336,0.08133333333333333;
M-L:3.0,4.0,5.0;0.0,0.0,0.0;M-M:3.0,4.0,5.0;0.0,0.0,0.0;M-S:3.0,4.0,5.0;0.0,0.0,0.0;
S-L:3.0,4.0,5.0;0.00075,0.004,0.02783333333333333;S-M:3.0,4.0,5.0;0.0,0.0,0.0;S-S:3.0,4.0,5.0;0.08950000000000001,0.12016666666666666,0.137;
