L-L:3.0,4.0,5.0;0.0021666666666666666,0.009166666666666667,0.022;L-M:3.0,4.0,5.0;0.037083333333333336,0.05925,0.11066666666666668;L-S:3.0,4.0,5.0;0.13266666666666665,0.12525,0.14708333333333334;
M-L:3.0,4.0,5.0;0.0010833333333333333,0.007083333333333333,0.04833333333333333;M-M:3.0,4.0,5.0;0.03141666666666667,0.09008333333333333,0.1805;M-S:3.0,4.0,5.0;0.1255,0.17275000000000001,0.21833333333333332;
S-L:3.0,4.0,5.0;0.002,0.012916666666666667,0.051916666666666667;S-M:3.0,4.0,5.0;0.11341666666666667,0.16916666666666666,0.22283333333333333;S-S:3.0,4.0,5.0;0.157,0.10625,0.08908333333333333;
