L-L:3.0,4.0,5.0;0.0003333333333333334,0.0022500000000000003,0.012083333333333333;L-M:3.0,4.0,5.0;0.008666666666666666,0.020416666666666666,0.045083333333333336;L-S:3.0,4.0,5.0;0.02766666666666667,0.035583333333333335,0.049499999999999995;
M-L:3.0,4.0,5.0;0.00025,0.0018333333333333335,0.016666666666666666;M-M:3.0,4.0,5.0;0.0042499999999999994,0.02575,0.06125;M-S:3.0,4.0,5.0;0.023083333333333334,0.04808333333333334,0.07725;
S-L:3.0,4.0,5.0;0.0005,0.003,0.019583333333333335;S-M:3.0,4.0,5.0;0.0185,0.043916666666666666,0.07416666666666667;S-S:3.0,4.0,5.0;0.07475,0.08908333333333333,0.09158333333333334;
