L-L:3.0,4.0,5.0;0.0005833333333333333,0.006083333333333333,0.021333333333333336;L-M:3.0,4.0,5.0;0.0,0.0,0.0;L-S:3.0,4.0,5.0;0.035083333333333334,0.06516666666666666,0.08458333333333333;
M-L:3.0,4.0,5.0;0.0,0.0,0.0;M-M:3.0,4.0,5.0;0.0,0.0,0.0;M-S:3.0,4.0,5.0;0.0,0.0,0.0;
S-L:3.0,4.0,5.0;0.0004166666666666667,0.008166666666666668,0.030583333333333337;S-M:3.0,4.0,5.0;0.0,0.0,0.0;S-S:3.0,4.0,5.0;0.09391666666666666,0.12825,0.13325;
