L-L:3.0,4.0,5.0;0.004916666666666667,0.0115,0.03283333333333333;L-M:3.0,4.0,5.0;0.035833333333333335,0.07541666666666667,0.11916666666666667;L-S:3.0,4.0,5.0;0.13791666666666666,0.12641666666666665,0.1425;
M-L:3.0,4.0,5.0;0.001,0.01425,0.051916666666666667;M-M:3.0,4.0,5.0;0.034583333333333334,0.09991666666666667,0.18575;M-S:3.0,4.0,5.0;0.129,0.19341666666666665,0.21783333333333332;
S-L:3.0,4.0,5.0;0.006083333333333333,0.02625,0.05424999999999999;S-M:3.0,4.0,5.0;0.11950000000000001,0.18141666666666667,0.22108333333333335;S-S:3.0,4.0,5.0;0.18150000000000002,0.12008333333333333,0.07708333333333334;
