L-L:3.0,4.0,5.0;0.0005833333333333333,0.00475,0.01425;L-M:3.0,4.0,5.0;0.008666666666666666,0.023333333333333334,0.0445;L-S:3.0,4.0,5.0;0.026583333333333334,0.04491666666666667,0.05424999999999999;
M-L:3.0,4.0,5.0;0.0,0.0031666666666666666,0.016999999999999998;M-M:3.0,4.0,5.0;0.005916666666666666,0.027083333333333334,0.06783333333333334;M-S:3.0,4.0,5.0;0.024749999999999998,0.05408333333333334,0.07316666666666666;
S-L:3.0,4.0,5.0;0.0004166666666666667,0.006333333333333333,0.020666666666666667;S-M:3.0,4.0,5.0;0.02,0.049499999999999995,0.07341666666666666;S-S:3.0,4.0,5.0;0.07766666666666668,0.09441666666666666,0.09041666666666667;
