L-L:4.0;0.0004166666666666667;L-M:4.0;0.0;L-S:4.0;0.15391666666666665;
M-L:4.0;0.0;M-M:4.0;0.0;M-S:4.0;0.0;
S-L:4.0;0.00075;S-M:4.0;0.0;S-S:4.0;0.012;
