L-L:4.0;0.0004166666666666667;L-M:4.0;0.008583333333333333;L-S:4.0;0.15166666666666667;
M-L:4.0;0.0;M-M:4.0;0.0;M-S:4.0;0.004416666666666667;
S-L:4.0;0.00075;S-M:4.0;0.0005;S-S:4.0;0.013416666666666667;
