L-L:4.0;0.004333333333333333;L-M:4.0;0.08416666666666667;L-S:4.0;0.08975;
M-L:4.0;0.0013333333333333335;M-M:4.0;0.02325;M-S:4.0;0.10858333333333334;
S-L:4.0;0.005916666666666666;S-M:4.0;0.05408333333333334;S-S:4.0;0.17291666666666666;
