L-L:4.0;0.0011666666666666665;L-M:4.0;0.015583333333333333;L-S:4.0;0.059;
M-L:4.0;0.0;M-M:4.0;0.0021666666666666666;M-S:4.0;0.016166666666666666;
S-L:4.0;0.0001666666666666667;S-M:4.0;0.0055;S-S:4.0;0.03341666666666667;
