L-L:4.0;0.0175;L-M:4.0;0.0;L-S:4.0;0.07066666666666667;
M-L:4.0;0.0;M-M:4.0;0.0;M-S:4.0;0.0;
S-L:4.0;0.014333333333333333;S-M:4.0;0.0;S-S:4.0;0.3096666666666667;
