L-L:4.0;0.01925;L-M:4.0;0.0;L-S:4.0;0.12741666666666668;
M-L:4.0;0.0;M-M:4.0;0.0;M-S:4.0;0.0;
S-L:4.0;0.002416666666666667;S-M:4.0;0.0;S-S:4.0;0.035833333333333335;
