L-L:4.0;0.0022500000000000003;L-M:4.0;0.00825;L-S:4.0;0.04583333333333333;
M-L:4.0;0.0018333333333333335;M-M:4.0;0.14108333333333334;M-S:4.0;0.6016666666666667;
S-L:4.0;0.010583333333333333;S-M:4.0;0.6041666666666666;S-S:4.0;0.9710833333333333;
