L-L:4.0;0.011666666666666667;L-M:4.0;0.048999999999999995;L-S:4.0;0.02783333333333333;
M-L:4.0;0.01575;M-M:4.0;0.34075;M-S:4.0;0.19883333333333333;
S-L:4.0;0.004416666666666667;S-M:4.0;0.17533333333333334;S-S:4.0;0.15366666666666667;
