L-L:4.0;0.011333333333333332;L-M:4.0;0.08850000000000001;L-S:4.0;0.07183333333333333;
M-L:4.0;0.03183333333333334;M-M:4.0;0.5650833333333334;M-S:4.0;0.3803333333333333;
S-L:4.0;0.0035;S-M:4.0;0.33858333333333335;S-S:4.0;0.09733333333333333;
