L-L:4.0;0.0030833333333333333;L-M:4.0;0.0;L-S:4.0;0.05216666666666667;
M-L:4.0;0.0;M-M:4.0;0.0;M-S:4.0;0.0;
S-L:4.0;0.010499999999999999;S-M:4.0;0.0;S-S:4.0;0.35525;
