L-L:4.0;0.0011666666666666665;L-M:4.0;0.0;L-S:4.0;0.07141666666666667;
M-L:4.0;0.0;M-M:4.0;0.0;M-S:4.0;0.0;
S-L:4.0;0.0001666666666666667;S-M:4.0;0.0;S-S:4.0;0.03716666666666667;
