L-L:4.0;0.010666666666666668;L-M:4.0;0.0;L-S:4.0;0.184;
M-L:4.0;0.0;M-M:4.0;0.0;M-S:4.0;0.0;
S-L:4.0;0.037;S-M:4.0;0.0;S-S:4.0;0.14683333333333332;
