L-L:4.0;0.00625;L-M:4.0;0.04875;L-S:4.0;0.06858333333333333;
M-L:4.0;0.00125;M-M:4.0;0.04125;M-S:4.0;0.07191666666666667;
S-L:4.0;0.00075;S-M:4.0;0.037250000000000005;S-S:4.0;0.08441666666666667;
