L-L:4.0;0.01;L-M:4.0;0.12391666666666666;L-S:4.0;0.05858333333333333;
M-L:4.0;0.00825;M-M:4.0;0.12725;M-S:4.0;0.22491666666666665;
S-L:4.0;0.007583333333333333;S-M:4.0;0.14858333333333335;S-S:4.0;0.2353333333333333;
