L-L:4.0;0.007416666666666667;L-M:4.0;0.0;L-S:4.0;0.11283333333333334;
M-L:4.0;0.0;M-M:4.0;0.0;M-S:4.0;0.0;
S-L:4.0;0.0008333333333333334;S-M:4.0;0.0;S-S:4.0;0.11208333333333333;
