L-L:3.0,4.0,5.0;0.016,0.033166666666666664,0.07341666666666666;L-M:3.0,4.0,5.0;0.04358333333333333,0.09366666666666668,0.13808333333333334;L-S:3.0,4.0,5.0;0.15075,0.14425,0.12366666666666667;
M-L:3.0,4.0,5.0;0.007333333333333334,0.03358333333333333,0.07366666666666667;M-M:3.0,4.0,5.0;0.051416666666666666,0.1125,0.12333333333333334;M-S:3.0,4.0,5.0;0.16858333333333334,0.17633333333333334,0.13099999999999998;
S-L:3.0,4.0,5.0;0.024416666666666666,0.056666666666666664,0.08808333333333333;S-M:3.0,4.0,5.0;0.16683333333333333,0.18058333333333332,0.13008333333333333;S-S:3.0,4.0,5.0;0.2788333333333334,0.13175,0.03766666666666667;
