L-L:3.0,4.0,5.0;0.024416666666666666,0.08791666666666667,0.15158333333333335;L-M:3.0,4.0,5.0;0.0,0.0,0.0;L-S:3.0,4.0,5.0;0.21216666666666667,0.20108333333333334,0.11474999999999999;
M-L:3.0,4.0,5.0;0.0,0.0,0.0;M-M:3.0,4.0,5.0;0.0,0.0,0.0;M-S:3.0,4.0,5.0;0.0,0.0,0.0;
S-L:3.0,4.0,5.0;0.06991666666666667,0.12616666666666668,0.09025;S-M:3.0,4.0,5.0;0.0,0.0,0.0;S-S:3.0,4.0,5.0;0.29633333333333334,0.107,0.0185;
