L:4.0;7.788250000000001;M:4.0;0.0;S:4.0;76.51591666666668;
L:4.0;1.05075;M:4.0;11.849333333333332;S:4.0;90.15799999999999;
