L-L:4.0;0.0011666666666666665;L-M:4.0;0.020583333333333332;L-S:4.0;0.029750000000000002;
M-L:4.0;0.004833333333333334;M-M:4.0;0.36116666666666664;M-S:4.0;0.36591666666666667;
S-L:4.0;0.003916666666666666;S-M:4.0;0.3591666666666667;S-S:4.0;0.03666666666666667;
