L-L:4.0;0.0005833333333333333;L-M:4.0;0.010499999999999999;L-S:4.0;0.0095;
M-L:4.0;0.0030833333333333333;M-M:4.0;0.18425;M-S:4.0;0.16916666666666666;
S-L:4.0;0.0011666666666666665;S-M:4.0;0.16641666666666666;S-S:4.0;0.18725;
