L-L:4.0;0.005833333333333334;L-M:4.0;0.0;L-S:4.0;0.2980833333333333;
M-L:4.0;0.0;M-M:4.0;0.0;M-S:4.0;0.0;
S-L:4.0;0.17450000000000002;S-M:4.0;0.0;S-S:4.0;1.9853333333333334;
