L-L:4.0;0.0003333333333333334;L-M:4.0;0.0;L-S:4.0;0.027749999999999997;
M-L:4.0;0.0;M-M:4.0;0.0;M-S:4.0;0.0;
S-L:4.0;0.005833333333333334;S-M:4.0;0.0;S-S:4.0;2.6631666666666667;
