L-L:3.0,4.0,5.0;0.0011666666666666665,0.008916666666666666,0.027250000000000003;L-M:3.0,4.0,5.0;0.0,0.0,0.0;L-S:3.0,4.0,5.0;0.01325,0.07233333333333333,0.11491666666666667;
M-L:3.0,4.0,5.0;0.0,0.0,0.0;M-M:3.0,4.0,5.0;0.0,0.0,0.0;M-S:3.0,4.0,5.0;0.0,0.0,0.0;
S-L:3.0,4.0,5.0;0.0010833333333333333,0.015666666666666666,0.05491666666666667;S-M:3.0,4.0,5.0;0.0,0.0,0.0;S-S:3.0,4.0,5.0;0.10733333333333334,0.4661666666666667,0.4618333333333334;
