L-L:3.0,4.0,5.0;0.018666666666666665,0.028583333333333332,0.0465;L-M:3.0,4.0,5.0;0.043416666666666666,0.08183333333333334,0.14616666666666667;L-S:3.0,4.0,5.0;0.15233333333333335,0.16641666666666666,0.19849999999999998;
M-L:3.0,4.0,5.0;0.005916666666666666,0.024583333333333332,0.08216666666666667;M-M:3.0,4.0,5.0;0.07733333333333334,0.22416666666666665,0.40800000000000003;M-S:3.0,4.0,5.0;0.36824999999999997,0.5385000000000001,0.57675;
S-L:3.0,4.0,5.0;0.02325,0.058166666666666665,0.10475;S-M:3.0,4.0,5.0;0.3509166666666667,0.52475,0.5814166666666667;S-S:3.0,4.0,5.0;1.1835833333333332,0.9420000000000001,0.5983333333333334;
