L-L:3.0,4.0,5.0;0.030333333333333334,0.05508333333333333,0.13408333333333333;L-M:3.0,4.0,5.0;0.0,0.0,0.0;L-S:3.0,4.0,5.0;0.21675000000000003,0.3144166666666667,0.362;
M-L:3.0,4.0,5.0;0.0,0.0,0.0;M-M:3.0,4.0,5.0;0.0,0.0,0.0;M-S:3.0,4.0,5.0;0.0,0.0,0.0;
S-L:3.0,4.0,5.0;0.05016666666666667,0.16375,0.26741666666666664;S-M:3.0,4.0,5.0;0.0,0.0,0.0;S-S:3.0,4.0,5.0;0.6643333333333333,0.8855833333333334,0.4871666666666667;
