L-L:4.0;0.0001666666666666667;L-M:4.0;0.002;L-S:4.0;0.013416666666666667;
M-L:4.0;0.0003333333333333334;M-M:4.0;0.11858333333333335;M-S:4.0;0.40525;
S-L:4.0;0.002;S-M:4.0;0.40875;S-S:4.0;1.2158333333333333;
