L-L:4.0;0.0001666666666666667;L-M:4.0;0.0;L-S:4.0;0.015416666666666667;
M-L:4.0;0.0;M-M:4.0;0.0;M-S:4.0;0.0;
S-L:4.0;0.002333333333333333;S-M:4.0;0.0;S-S:4.0;1.6190833333333334;
