L-L:4.0;0.0019166666666666666;L-M:4.0;0.0;L-S:4.0;0.042416666666666665;
M-L:4.0;0.0;M-M:4.0;0.0;M-S:4.0;0.0;
S-L:4.0;0.006083333333333333;S-M:4.0;0.0;S-S:4.0;0.45941666666666664;
