L-L:4.0;0.003;L-M:4.0;0.015583333333333333;L-S:4.0;0.07866666666666668;
M-L:4.0;0.0025;M-M:4.0;0.5289166666666667;M-S:4.0;1.6339166666666667;
S-L:4.0;0.008416666666666666;S-M:4.0;1.6405833333333333;S-S:4.0;1.7878333333333334;
