L-L:4.0;0.00125;L-M:4.0;0.026416666666666665;L-S:4.0;0.016666666666666666;
M-L:4.0;0.004666666666666666;M-M:4.0;0.33375;M-S:4.0;0.24433333333333332;
S-L:4.0;0.0020833333333333333;S-M:4.0;0.22866666666666666;S-S:4.0;0.24083333333333334;
