L-L:4.0;0.0004166666666666667;L-M:4.0;0.01375;L-S:4.0;0.1055;
M-L:4.0;0.0;M-M:4.0;0.0001666666666666667;M-S:4.0;0.009833333333333335;
S-L:4.0;0.0004166666666666667;S-M:4.0;0.0006666666666666668;S-S:4.0;0.016333333333333335;
