L-L:4.0;0.0003333333333333334;L-M:4.0;0.0;L-S:4.0;0.11141666666666666;
M-L:4.0;0.0;M-M:4.0;0.0;M-S:4.0;0.0;
S-L:4.0;0.00025;S-M:4.0;0.0;S-S:4.0;0.015166666666666667;
