L-L:3.0,4.0,5.0;0.007583333333333333,0.029416666666666664,0.076;L-M:3.0,4.0,5.0;0.0,0.0,0.0;L-S:3.0,4.0,5.0;0.18183333333333332,0.18008333333333332,0.12975;
M-L:3.0,4.0,5.0;0.0,0.0,0.0;M-M:3.0,4.0,5.0;0.0,0.0,0.0;M-S:3.0,4.0,5.0;0.0,0.0,0.0;
S-L:3.0,4.0,5.0;0.016833333333333332,0.051000000000000004,0.06016666666666667;S-M:3.0,4.0,5.0;0.0,0.0,0.0;S-S:3.0,4.0,5.0;0.181,0.09908333333333334,0.028416666666666666;
