L-L:4.0;0.00025;L-M:4.0;0.005416666666666667;L-S:4.0;0.0235;
M-L:4.0;0.0003333333333333334;M-M:4.0;0.3448333333333333;M-S:4.0;0.9771666666666666;
S-L:4.0;0.0016666666666666668;S-M:4.0;0.9856666666666666;S-S:4.0;2.3947499999999997;
