L-L:4.0;0.0031666666666666666;L-M:4.0;0.029166666666666667;L-S:4.0;0.14233333333333334;
M-L:4.0;0.0022500000000000003;M-M:4.0;1.3359166666666666;M-S:4.0;3.3954166666666667;
S-L:4.0;0.0025833333333333333;S-M:4.0;3.416;S-S:4.0;3.252416666666667;
