L-L:3.0,4.0,5.0;0.002666666666666667,0.013666666666666666,0.03816666666666666;L-M:3.0,4.0,5.0;0.0,0.0,0.0;L-S:3.0,4.0,5.0;0.03958333333333333,0.06791666666666667,0.074;
M-L:3.0,4.0,5.0;0.0,0.0,0.0;M-M:3.0,4.0,5.0;0.0,0.0,0.0;M-S:3.0,4.0,5.0;0.0,0.0,0.0;
S-L:3.0,4.0,5.0;0.004666666666666666,0.019916666666666666,0.035500000000000004;S-M:3.0,4.0,5.0;0.0,0.0,0.0;S-S:3.0,4.0,5.0;0.129,0.10841666666666666,0.057;
