L-L:3.0,4.0,5.0;0.0025,0.010083333333333333,0.02625;L-M:3.0,4.0,5.0;0.010750000000000001,0.029333333333333336,0.0465;L-S:3.0,4.0,5.0;0.029416666666666664,0.04766666666666667,0.04933333333333333;
M-L:3.0,4.0,5.0;0.00075,0.008666666666666666,0.021083333333333332;M-M:3.0,4.0,5.0;0.010083333333333333,0.03375,0.03775;M-S:3.0,4.0,5.0;0.033666666666666664,0.04825,0.041499999999999995;
S-L:3.0,4.0,5.0;0.004083333333333334,0.014833333333333334,0.026333333333333334;S-M:3.0,4.0,5.0;0.030583333333333337,0.049416666666666664,0.03908333333333333;S-S:3.0,4.0,5.0;0.1055,0.08041666666666666,0.04016666666666667;
