L-L:3.0,4.0,5.0;0.024416666666666666,0.08791666666666667,0.15141666666666664;L-M:3.0,4.0,5.0;0.0,0.0,0.0;L-S:3.0,4.0,5.0;0.21216666666666667,0.20108333333333334,0.11474999999999999;
M-L:3.0,4.0,5.0;0.0,0.0,0.0;M-M:3.0,4.0,5.0;0.0,0.0,0.0;M-S:3.0,4.0,5.0;0.0,0.0,0.0;
S-L:3.0,4.0,5.0;0.06975,0.12608333333333335,0.09025;S-M:3.0,4.0,5.0;0.0,0.0,0.0;S-S:3.0,4.0,5.0;0.296,0.10691666666666667,0.018416666666666668;
