L-L:3.0,4.0,5.0;0.016,0.033166666666666664,0.07341666666666666;L-M:3.0,4.0,5.0;0.04358333333333333,0.09366666666666668,0.13808333333333334;L-S:3.0,4.0,5.0;0.15075,0.14416666666666667,0.12358333333333334;
M-L:3.0,4.0,5.0;0.007333333333333334,0.03358333333333333,0.07366666666666667;M-M:3.0,4.0,5.0;0.051333333333333335,0.1125,0.12333333333333334;M-S:3.0,4.0,5.0;0.16849999999999998,0.17625,0.13099999999999998;
S-L:3.0,4.0,5.0;0.024416666666666666,0.056666666666666664,0.08808333333333333;S-M:3.0,4.0,5.0;0.16641666666666666,0.18041666666666667,0.13008333333333333;S-S:3.0,4.0,5.0;0.2786666666666667,0.13166666666666665,0.03766666666666667;
