L-L:3.0,4.0,5.0;0.006,0.023833333333333335,0.06233333333333333;L-M:3.0,4.0,5.0;0.0,0.0,0.0;L-S:3.0,4.0,5.0;0.17741666666666667,0.178,0.14225;
M-L:3.0,4.0,5.0;0.0,0.0,0.0;M-M:3.0,4.0,5.0;0.0,0.0,0.0;M-S:3.0,4.0,5.0;0.0,0.0,0.0;
S-L:3.0,4.0,5.0;0.012,0.04675,0.06091666666666666;S-M:3.0,4.0,5.0;0.0,0.0,0.0;S-S:3.0,4.0,5.0;0.17283333333333334,0.11025000000000001,0.03916666666666667;
