L-L:3.0,4.0,5.0;0.00575,0.010083333333333333,0.03375;L-M:3.0,4.0,5.0;0.035916666666666666,0.06441666666666666,0.12725;L-S:3.0,4.0,5.0;0.14291666666666666,0.12925,0.14558333333333331;
M-L:3.0,4.0,5.0;0.0031666666666666666,0.011416666666666665,0.05566666666666666;M-M:3.0,4.0,5.0;0.036000000000000004,0.0935,0.19566666666666668;M-S:3.0,4.0,5.0;0.12808333333333333,0.18875,0.22508333333333336;
S-L:3.0,4.0,5.0;0.009416666666666667,0.018416666666666668,0.058166666666666665;S-M:3.0,4.0,5.0;0.11875,0.18216666666666667,0.22583333333333333;S-S:3.0,4.0,5.0;0.173,0.12224999999999998,0.08183333333333334;
