L-L:3.0,4.0,5.0;0.0008333333333333334,0.00875,0.02375;L-M:3.0,4.0,5.0;0.0,0.0,0.0;L-S:3.0,4.0,5.0;0.1694166666666667,0.16841666666666666,0.14875;
M-L:3.0,4.0,5.0;0.0,0.0,0.0;M-M:3.0,4.0,5.0;0.0,0.0,0.0;M-S:3.0,4.0,5.0;0.0,0.0,0.0;
S-L:3.0,4.0,5.0;0.0033333333333333335,0.01575,0.03766666666666667;S-M:3.0,4.0,5.0;0.0,0.0,0.0;S-S:3.0,4.0,5.0;0.03825,0.03825,0.03133333333333333;
