L-L:3.0,4.0,5.0;0.0,0.0025,0.021750000000000002;L-M:3.0,4.0,5.0;0.0,0.0,0.0;L-S:3.0,4.0,5.0;0.035416666666666666,0.05558333333333334,0.08391666666666667;
M-L:3.0,4.0,5.0;0.0,0.0,0.0;M-M:3.0,4.0,5.0;0.0,0.0,0.0;M-S:3.0,4.0,5.0;0.0,0.0,0.0;
S-L:3.0,4.0,5.0;0.0001666666666666667,0.003666666666666667,0.028416666666666666;S-M:3.0,4.0,5.0;0.0,0.0,0.0;S-S:3.0,4.0,5.0;0.05966666666666666,0.09266666666666667,0.1305;
