L-L:3.0,4.0,5.0;0.0,0.0,0.01925;L-M:3.0,4.0,5.0;0.0,0.0,0.0;L-S:3.0,4.0,5.0;0.0,0.0,0.07591666666666666;
M-L:3.0,4.0,5.0;0.0,0.0,0.0;M-M:3.0,4.0,5.0;0.0,0.0,0.0;M-S:3.0,4.0,5.0;0.0,0.0,0.0;
S-L:3.0,4.0,5.0;0.0,0.0,0.02625;S-M:3.0,4.0,5.0;0.0,0.0,0.0;S-S:3.0,4.0,5.0;0.0,0.0,0.11833333333333333;
