L-L:3.0,4.0,5.0;0.0,0.0015833333333333333,0.01325;L-M:3.0,4.0,5.0;0.008916666666666666,0.022,0.04608333333333333;L-S:3.0,4.0,5.0;0.027916666666666666,0.037083333333333336,0.051583333333333335;
M-L:3.0,4.0,5.0;8.333333333333334e-05,0.0019166666666666666,0.01925;M-M:3.0,4.0,5.0;0.0052499999999999995,0.024583333333333332,0.055;M-S:3.0,4.0,5.0;0.018333333333333333,0.043000000000000003,0.07450000000000001;
S-L:3.0,4.0,5.0;8.333333333333334e-05,0.002666666666666667,0.017666666666666667;S-M:3.0,4.0,5.0;0.015500000000000002,0.03741666666666667,0.06916666666666667;S-S:3.0,4.0,5.0;0.04883333333333333,0.06816666666666667,0.08833333333333333;
