L-L:3.0,4.0,5.0;0.0003333333333333334,0.002666666666666667,0.026416666666666665;L-M:3.0,4.0,5.0;0.03758333333333334,0.06266666666666666,0.11633333333333333;L-S:3.0,4.0,5.0;0.1295,0.12175,0.1505;
M-L:3.0,4.0,5.0;0.0001666666666666667,0.006166666666666667,0.05016666666666667;M-M:3.0,4.0,5.0;0.029666666666666668,0.08399999999999999,0.17025;M-S:3.0,4.0,5.0;0.09508333333333333,0.14825,0.21441666666666667;
S-L:3.0,4.0,5.0;0.0008333333333333334,0.011916666666666667,0.06216666666666666;S-M:3.0,4.0,5.0;0.08375,0.13766666666666666,0.20733333333333334;S-S:3.0,4.0,5.0;0.04775,0.05383333333333333,0.06108333333333333;
