L:3.0,4.0,5.0;1.9843333333333333,5.372916666666667,11.613499999999998;M:3.0,4.0,5.0;0.0,0.0,0.0;S:3.0,4.0,5.0;111.77191666666667,93.12116666666667,58.18775000000001;
L:3.0,4.0,5.0;1.8421666666666667,3.072,3.5668333333333337;M:3.0,4.0,5.0;4.673666666666667,8.004916666666668,10.443416666666666;S:3.0,4.0,5.0;106.09766666666667,89.10358333333333,74.23291666666667;
