L-L:3.0,4.0,5.0;0.003,0.00675,0.018333333333333333;L-M:3.0,4.0,5.0;0.009583333333333333,0.023666666666666666,0.05483333333333333;L-S:3.0,4.0,5.0;0.030833333333333334,0.050916666666666666,0.07100000000000001;
M-L:3.0,4.0,5.0;0.00025,0.005833333333333334,0.028083333333333335;M-M:3.0,4.0,5.0;0.012750000000000001,0.06141666666666667,0.1475;M-S:3.0,4.0,5.0;0.060583333333333336,0.1455,0.2068333333333333;
S-L:3.0,4.0,5.0;0.002666666666666667,0.012,0.03575;S-M:3.0,4.0,5.0;0.055,0.13908333333333334,0.20566666666666666;S-S:3.0,4.0,5.0;0.2768333333333333,0.34208333333333335,0.29891666666666666;
