L-L:3.0,4.0,5.0;0.018666666666666665,0.028583333333333332,0.0465;L-M:3.0,4.0,5.0;0.043416666666666666,0.08183333333333334,0.14608333333333334;L-S:3.0,4.0,5.0;0.15233333333333335,0.16641666666666666,0.19849999999999998;
M-L:3.0,4.0,5.0;0.005916666666666666,0.024583333333333332,0.08191666666666667;M-M:3.0,4.0,5.0;0.07733333333333334,0.2240833333333333,0.40791666666666665;M-S:3.0,4.0,5.0;0.36791666666666667,0.5381666666666667,0.57625;
S-L:3.0,4.0,5.0;0.02325,0.058166666666666665,0.10466666666666666;S-M:3.0,4.0,5.0;0.35075,0.5244166666666666,0.5810833333333333;S-S:3.0,4.0,5.0;1.1829999999999998,0.9414166666666667,0.5976666666666667;
