L-L:3.0,4.0,5.0;0.030333333333333334,0.05508333333333333,0.134;L-M:3.0,4.0,5.0;0.0,0.0,0.0;L-S:3.0,4.0,5.0;0.21675000000000003,0.3143333333333333,0.3616666666666667;
M-L:3.0,4.0,5.0;0.0,0.0,0.0;M-M:3.0,4.0,5.0;0.0,0.0,0.0;M-S:3.0,4.0,5.0;0.0,0.0,0.0;
S-L:3.0,4.0,5.0;0.05016666666666667,0.16375,0.26716666666666666;S-M:3.0,4.0,5.0;0.0,0.0,0.0;S-S:3.0,4.0,5.0;0.6640833333333334,0.885,0.4865;
