L-L:4.0;0.00675;L-M:4.0;0.016666666666666666;L-S:4.0;0.04758333333333333;
M-L:4.0;0.004;M-M:4.0;0.0025;M-S:4.0;0.019333333333333334;
S-L:4.0;0.023333333333333334;S-M:4.0;0.011166666666666667;S-S:4.0;0.06183333333333334;
