L-L:4.0;0.0;L-M:4.0;0.0;L-S:4.0;0.009666666666666667;
M-L:4.0;0.0;M-M:4.0;0.0;M-S:4.0;0.0;
S-L:4.0;0.0;S-M:4.0;0.0;S-S:4.0;0.0001666666666666667;
