L-L:4.0;0.01175;L-M:4.0;0.0;L-S:4.0;0.06258333333333332;
M-L:4.0;0.0;M-M:4.0;0.0;M-S:4.0;0.0;
S-L:4.0;0.035916666666666666;S-M:4.0;0.0;S-S:4.0;0.050666666666666665;
