L-L:4.0;0.0025833333333333333;L-M:4.0;0.0019166666666666666;L-S:4.0;0.010916666666666667;
M-L:4.0;0.00025;M-M:4.0;8.333333333333334e-05;M-S:4.0;0.0019166666666666666;
S-L:4.0;0.0011666666666666665;S-M:4.0;0.0005;S-S:4.0;0.0065;
