L-L:4.0;0.0035;L-M:4.0;0.0;L-S:4.0;0.1645;
M-L:4.0;0.0;M-M:4.0;0.0;M-S:4.0;0.0;
S-L:4.0;0.005333333333333334;S-M:4.0;0.0;S-S:4.0;0.05275;
