L-L:4.0;0.0001666666666666667;L-M:4.0;0.0033333333333333335;L-S:4.0;0.029166666666666667;
M-L:4.0;8.333333333333334e-05;M-M:4.0;0.0001666666666666667;M-S:4.0;0.002333333333333333;
S-L:4.0;0.0;S-M:4.0;0.0004166666666666667;S-S:4.0;0.007750000000000001;
