L:3.0,4.0,5.0;2.4725,5.288833333333334,7.3225;M:3.0,4.0,5.0;0.0,0.0,0.0;S:3.0,4.0,5.0;108.31941666666667,95.06333333333335,84.07116666666667;
L:3.0,4.0,5.0;1.701083333333333,2.45275,3.438;M:3.0,4.0,5.0;5.348,9.529666666666667,11.852083333333335;S:3.0,4.0,5.0;105.23791666666668,85.55208333333333,68.27583333333334;
