L-L:4.0;0.004583333333333333;L-M:4.0;0.08916666666666667;L-S:4.0;0.056916666666666664;
M-L:4.0;0.006916666666666667;M-M:4.0;0.058333333333333334;M-S:4.0;0.14633333333333332;
S-L:4.0;0.015;S-M:4.0;0.09258333333333332;S-S:4.0;0.17825;
