L-L:4.0;0.0;L-M:4.0;0.00075;L-S:4.0;0.005916666666666666;
M-L:4.0;0.0;M-M:4.0;8.333333333333334e-05;M-S:4.0;0.00075;
S-L:4.0;0.0;S-M:4.0;8.333333333333334e-05;S-S:4.0;0.0011666666666666665;
