L-L:4.0;0.0001666666666666667;L-M:4.0;0.0072499999999999995;L-S:4.0;0.03425;
M-L:4.0;0.0;M-M:4.0;0.0009166666666666668;M-S:4.0;0.007833333333333333;
S-L:4.0;0.0;S-M:4.0;0.0020833333333333333;S-S:4.0;0.010583333333333333;
