L-L:4.0;0.00475;L-M:4.0;0.027083333333333334;L-S:4.0;0.055499999999999994;
M-L:4.0;0.00075;M-M:4.0;0.0125;M-S:4.0;0.0375;
S-L:4.0;0.0014166666666666666;S-M:4.0;0.01875;S-S:4.0;0.05333333333333334;
