L-L:4.0;0.0055;L-M:4.0;0.0;L-S:4.0;0.07916666666666666;
M-L:4.0;0.0;M-M:4.0;0.0;M-S:4.0;0.0;
S-L:4.0;0.0014166666666666666;S-M:4.0;0.0;S-S:4.0;0.06716666666666667;
