L-L:4.0;0.03958333333333333;L-M:4.0;0.0;L-S:4.0;0.18333333333333332;
M-L:4.0;0.0;M-M:4.0;0.0;M-S:4.0;0.0;
S-L:4.0;0.09458333333333334;S-M:4.0;0.0;S-S:4.0;0.14958333333333335;
