L:4.0;5.510083333333334;M:4.0;0.0;S:4.0;86.02841666666666;
L:4.0;3.2955000000000005;M:4.0;6.304500000000001;S:4.0;86.61016666666667;
