L-L:4.0;0.0015;L-M:4.0;0.021916666666666668;L-S:4.0;0.14483333333333334;
M-L:4.0;8.333333333333334e-05;M-M:4.0;0.00025;M-S:4.0;0.01325;
S-L:4.0;0.0008333333333333334;S-M:4.0;0.0031666666666666666;S-S:4.0;0.02425;
