L-L:4.0;8.333333333333334e-05;L-M:4.0;0.0001666666666666667;L-S:4.0;0.012166666666666666;
M-L:4.0;0.0;M-M:4.0;0.0;M-S:4.0;0.00025;
S-L:4.0;0.0;S-M:4.0;8.333333333333334e-05;S-S:4.0;0.0008333333333333334;
