L:3.0,4.0,5.0;1.8640833333333333,6.084666666666666,12.26175;M:3.0,4.0,5.0;0.0,0.0,0.0;S:3.0,4.0,5.0;94.86925000000001,78.03866666666667,46.795500000000004;
L:3.0,4.0,5.0;1.4510833333333335,2.9125,5.306666666666667;M:3.0,4.0,5.0;5.608416666666666,9.426166666666669,12.0715;S:3.0,4.0,5.0;88.78008333333334,71.55583333333334,50.03241666666666;
