L:3.0,4.0,5.0;2.3220833333333335,5.253833333333334,11.440666666666669;M:3.0,4.0,5.0;0.0,0.0,0.0;S:3.0,4.0,5.0;91.44508333333333,79.19591666666668,47.337;
L:3.0,4.0,5.0;1.4570833333333333,2.8514999999999997,4.405666666666667;M:3.0,4.0,5.0;5.1345,9.194500000000001,12.350416666666666;S:3.0,4.0,5.0;86.37825000000001,68.38199999999999,50.42933333333333;
