L-L:4.0;0.0015;L-M:4.0;0.0;L-S:4.0;0.16191666666666668;
M-L:4.0;0.0;M-M:4.0;0.0;M-S:4.0;0.0;
S-L:4.0;0.00125;S-M:4.0;0.0;S-S:4.0;0.024499999999999997;
