L-L:4.0;8.333333333333334e-05;L-M:4.0;0.0;L-S:4.0;0.012333333333333333;
M-L:4.0;0.0;M-M:4.0;0.0;M-S:4.0;0.0;
S-L:4.0;0.0;S-M:4.0;0.0;S-S:4.0;0.0009166666666666668;
