L-L:3.0,4.0,5.0;0.0016666666666666668,0.004166666666666667,0.015083333333333334;L-M:3.0,4.0,5.0;0.008,0.022916666666666665,0.05241666666666667;L-S:3.0,4.0,5.0;0.028249999999999997,0.04075,0.06575;
M-L:3.0,4.0,5.0;0.0001666666666666667,0.0033333333333333335,0.022416666666666665;M-M:3.0,4.0,5.0;0.01,0.046,0.09674999999999999;M-S:3.0,4.0,5.0;0.049416666666666664,0.10716666666666666,0.13783333333333334;
S-L:3.0,4.0,5.0;0.00125,0.008416666666666666,0.03075;S-M:3.0,4.0,5.0;0.044250000000000005,0.09908333333333334,0.13349999999999998;S-S:3.0,4.0,5.0;0.20533333333333334,0.24225,0.19016666666666665;
