L-L:3.0,4.0,5.0;0.00175,0.005333333333333334,0.02341666666666667;L-M:3.0,4.0,5.0;0.0,0.0,0.0;L-S:3.0,4.0,5.0;0.036166666666666666,0.062000000000000006,0.10683333333333332;
M-L:3.0,4.0,5.0;0.0,0.0,0.0;M-M:3.0,4.0,5.0;0.0,0.0,0.0;M-S:3.0,4.0,5.0;0.0,0.0,0.0;
S-L:3.0,4.0,5.0;0.0013333333333333335,0.010583333333333333,0.04483333333333333;S-M:3.0,4.0,5.0;0.0,0.0,0.0;S-S:3.0,4.0,5.0;0.24683333333333332,0.32816666666666666,0.28691666666666665;
