L-L:3.0,4.0,5.0;0.012666666666666666,0.03108333333333333,0.07725;L-M:3.0,4.0,5.0;0.0,0.0,0.0;L-S:3.0,4.0,5.0;0.186,0.2549166666666666,0.24991666666666665;
M-L:3.0,4.0,5.0;0.0,0.0,0.0;M-M:3.0,4.0,5.0;0.0,0.0,0.0;M-S:3.0,4.0,5.0;0.0,0.0,0.0;
S-L:3.0,4.0,5.0;0.019333333333333334,0.10733333333333334,0.15016666666666667;S-M:3.0,4.0,5.0;0.0,0.0,0.0;S-S:3.0,4.0,5.0;0.4558333333333333,0.5361666666666667,0.3050833333333334;
