L-L:3.0,4.0,5.0;0.01125,0.016083333333333335,0.03941666666666666;L-M:3.0,4.0,5.0;0.03791666666666667,0.06799999999999999,0.13716666666666666;L-S:3.0,4.0,5.0;0.143,0.14758333333333332,0.17408333333333334;
M-L:3.0,4.0,5.0;0.0030833333333333333,0.01591666666666667,0.06825;M-M:3.0,4.0,5.0;0.06225,0.16791666666666666,0.2825;M-S:3.0,4.0,5.0;0.28291666666666665,0.39,0.3929166666666667;
S-L:3.0,4.0,5.0;0.011166666666666667,0.035,0.08383333333333333;S-M:3.0,4.0,5.0;0.27016666666666667,0.38358333333333333,0.39525;S-S:3.0,4.0,5.0;0.785,0.6114166666666667,0.3496666666666667;
