L:3.0,4.0,5.0;2.1061666666666663,5.6415,11.608166666666666;M:3.0,4.0,5.0;0.0,0.0,0.0;S:3.0,4.0,5.0;92.21466666666667,77.02133333333333,47.25416666666666;
L:3.0,4.0,5.0;1.3940833333333333,2.7802499999999997,4.80325;M:3.0,4.0,5.0;5.1965,9.180250000000001,11.82325;S:3.0,4.0,5.0;86.19608333333333,69.205,50.225;
