L-L:3.0,4.0,5.0;0.014499999999999999,0.041916666666666665,0.11416666666666667;L-M:3.0,4.0,5.0;0.0,0.0,0.0;L-S:3.0,4.0,5.0;0.1875,0.22283333333333333,0.2840833333333333;
M-L:3.0,4.0,5.0;0.0,0.0,0.0;M-M:3.0,4.0,5.0;0.0,0.0,0.0;M-S:3.0,4.0,5.0;0.0,0.0,0.0;
S-L:3.0,4.0,5.0;0.021333333333333336,0.06916666666666667,0.14983333333333335;S-M:3.0,4.0,5.0;0.0,0.0,0.0;S-S:3.0,4.0,5.0;0.21716666666666667,0.18483333333333335,0.15525;
