L-L:3.0,4.0,5.0;0.01025,0.02575,0.056916666666666664;L-M:3.0,4.0,5.0;0.038,0.07108333333333333,0.141;L-S:3.0,4.0,5.0;0.14158333333333334,0.14650000000000002,0.17866666666666667;
M-L:3.0,4.0,5.0;0.002833333333333333,0.0185,0.06866666666666667;M-M:3.0,4.0,5.0;0.03983333333333333,0.13741666666666666,0.26966666666666667;M-S:3.0,4.0,5.0;0.16008333333333333,0.255,0.33641666666666664;
S-L:3.0,4.0,5.0;0.010083333333333333,0.034166666666666665,0.09175;S-M:3.0,4.0,5.0;0.1455,0.24541666666666667,0.32633333333333336;S-S:3.0,4.0,5.0;0.21158333333333335,0.16233333333333333,0.13108333333333333;
