L-L:3.0,4.0,5.0;0.0015833333333333333,0.007,0.02716666666666667;L-M:3.0,4.0,5.0;0.0,0.0,0.0;L-S:3.0,4.0,5.0;0.035916666666666666,0.06258333333333332,0.10733333333333334;
M-L:3.0,4.0,5.0;0.0,0.0,0.0;M-M:3.0,4.0,5.0;0.0,0.0,0.0;M-S:3.0,4.0,5.0;0.0,0.0,0.0;
S-L:3.0,4.0,5.0;0.00125,0.0115,0.041499999999999995;S-M:3.0,4.0,5.0;0.0,0.0,0.0;S-S:3.0,4.0,5.0;0.12416666666666666,0.19241666666666668,0.2290833333333333;
