L-L:4.0;8.333333333333334e-05;L-M:4.0;0.001;L-S:4.0;0.007166666666666667;
M-L:4.0;0.0001666666666666667;M-M:4.0;0.02575;M-S:4.0;0.11366666666666667;
S-L:4.0;0.0015833333333333333;S-M:4.0;0.11433333333333333;S-S:4.0;0.48083333333333333;
