L-L:3.0,4.0,5.0;0.021500000000000002,0.025166666666666667,0.04608333333333333;L-M:3.0,4.0,5.0;0.03858333333333333,0.07283333333333333,0.1475;L-S:3.0,4.0,5.0;0.15325,0.16533333333333333,0.19408333333333333;
M-L:3.0,4.0,5.0;0.004083333333333334,0.022,0.07858333333333332;M-M:3.0,4.0,5.0;0.07983333333333333,0.22341666666666668,0.39066666666666666;M-S:3.0,4.0,5.0;0.36425,0.5398333333333333,0.5586666666666666;
S-L:3.0,4.0,5.0;0.021083333333333332,0.04975,0.10283333333333333;S-M:3.0,4.0,5.0;0.34925,0.5316666666666666,0.5610833333333333;S-S:3.0,4.0,5.0;1.1805833333333333,0.96475,0.6051666666666667;
