L-L:3.0,4.0,5.0;0.002333333333333333,0.006166666666666667,0.018333333333333333;L-M:3.0,4.0,5.0;0.009083333333333334,0.02125,0.058083333333333334;L-S:3.0,4.0,5.0;0.02716666666666667,0.04533333333333333,0.06875;
M-L:3.0,4.0,5.0;0.0003333333333333334,0.0042499999999999994,0.02625;M-M:3.0,4.0,5.0;0.014833333333333334,0.0645,0.13783333333333334;M-S:3.0,4.0,5.0;0.06174999999999999,0.14408333333333334,0.20116666666666666;
S-L:3.0,4.0,5.0;0.0014166666666666666,0.011583333333333334,0.033999999999999996;S-M:3.0,4.0,5.0;0.05591666666666666,0.13791666666666666,0.19491666666666668;S-S:3.0,4.0,5.0;0.27541666666666664,0.3509166666666667,0.2895;
