L-L:3.0,4.0,5.0;0.029666666666666668,0.05325,0.12983333333333336;L-M:3.0,4.0,5.0;0.0,0.0,0.0;L-S:3.0,4.0,5.0;0.21433333333333332,0.32575,0.3570833333333333;
M-L:3.0,4.0,5.0;0.0,0.0,0.0;M-M:3.0,4.0,5.0;0.0,0.0,0.0;M-S:3.0,4.0,5.0;0.0,0.0,0.0;
S-L:3.0,4.0,5.0;0.04766666666666667,0.17858333333333334,0.2540833333333333;S-M:3.0,4.0,5.0;0.0,0.0,0.0;S-S:3.0,4.0,5.0;0.6485833333333333,0.8573333333333333,0.5093333333333334;
