L-L:3.0,4.0,5.0;0.002666666666666667,0.007666666666666666,0.027250000000000003;L-M:3.0,4.0,5.0;0.0,0.0,0.0;L-S:3.0,4.0,5.0;0.035916666666666666,0.06483333333333333,0.1165;
M-L:3.0,4.0,5.0;0.0,0.0,0.0;M-M:3.0,4.0,5.0;0.0,0.0,0.0;M-S:3.0,4.0,5.0;0.0,0.0,0.0;
S-L:3.0,4.0,5.0;0.0014166666666666666,0.014333333333333333,0.051333333333333335;S-M:3.0,4.0,5.0;0.0,0.0,0.0;S-S:3.0,4.0,5.0;0.3284166666666667,0.47550000000000003,0.4429166666666667;
