L-L:4.0;0.00025;L-M:4.0;0.0055;L-S:4.0;0.022333333333333334;
M-L:4.0;0.0019166666666666666;M-M:4.0;0.2549166666666666;M-S:4.0;0.7359166666666667;
S-L:4.0;0.004;S-M:4.0;0.7405833333333334;S-S:4.0;1.9326666666666665;
