L-L:4.0;0.0011666666666666665;L-M:4.0;0.020583333333333332;L-S:4.0;0.029750000000000002;
M-L:4.0;0.004833333333333334;M-M:4.0;0.36091666666666666;M-S:4.0;0.36574999999999996;
S-L:4.0;0.003916666666666666;S-M:4.0;0.359;S-S:4.0;0.03666666666666667;
