L-L:4.0;0.005833333333333334;L-M:4.0;0.0;L-S:4.0;0.2980833333333333;
M-L:4.0;0.0;M-M:4.0;0.0;M-S:4.0;0.0;
S-L:4.0;0.17391666666666666;S-M:4.0;0.0;S-S:4.0;1.9844166666666667;
