L-L:4.0;0.003916666666666666;L-M:4.0;0.028083333333333335;L-S:4.0;0.12841666666666665;
M-L:4.0;0.006166666666666667;M-M:4.0;1.0008333333333332;M-S:4.0;2.6891666666666665;
S-L:4.0;0.025916666666666668;S-M:4.0;2.703;S-S:4.0;2.5004166666666667;
