L-L:4.0;0.00075;L-M:4.0;0.0;L-S:4.0;0.01975;
M-L:4.0;0.0;M-M:4.0;0.0;M-S:4.0;0.0;
S-L:4.0;0.004083333333333334;S-M:4.0;0.0;S-S:4.0;0.3461666666666666;
