L-L:3.0,4.0,5.0;0.0,0.0033333333333333335,0.017666666666666667;L-M:3.0,4.0,5.0;0.0,0.0,0.0;L-S:3.0,4.0,5.0;0.035583333333333335,0.05458333333333333,0.09691666666666666;
M-L:3.0,4.0,5.0;0.0,0.0,0.0;M-M:3.0,4.0,5.0;0.0,0.0,0.0;M-S:3.0,4.0,5.0;0.0,0.0,0.0;
S-L:3.0,4.0,5.0;0.0003333333333333334,0.004,0.03175;S-M:3.0,4.0,5.0;0.0,0.0,0.0;S-S:3.0,4.0,5.0;0.07516666666666667,0.13341666666666666,0.19191666666666668;
