L-L:3.0,4.0,5.0;0.0,0.0022500000000000003,0.010499999999999999;L-M:3.0,4.0,5.0;0.009916666666666667,0.017833333333333333,0.04491666666666667;L-S:3.0,4.0,5.0;0.026083333333333333,0.03875,0.0615;
M-L:3.0,4.0,5.0;0.0,0.0022500000000000003,0.018833333333333334;M-M:3.0,4.0,5.0;0.005,0.021333333333333336,0.078;M-S:3.0,4.0,5.0;0.021416666666666667,0.051666666666666666,0.10016666666666667;
S-L:3.0,4.0,5.0;0.0003333333333333334,0.002833333333333333,0.020083333333333335;S-M:3.0,4.0,5.0;0.014583333333333334,0.044,0.0925;S-S:3.0,4.0,5.0;0.06325,0.09758333333333333,0.12716666666666665;
