L-L:4.0;0.08191666666666667;L-M:4.0;0.0;L-S:4.0;0.24308333333333332;
M-L:4.0;0.0;M-M:4.0;0.0;M-S:4.0;0.0;
S-L:4.0;0.1305;S-M:4.0;0.0;S-S:4.0;0.17691666666666667;
