L-L:4.0;0.005333333333333334;L-M:4.0;0.047;L-S:4.0;0.07191666666666667;
M-L:4.0;0.0015833333333333333;M-M:4.0;0.04108333333333333;M-S:4.0;0.07216666666666666;
S-L:4.0;8.333333333333334e-05;S-M:4.0;0.04225;S-S:4.0;0.08733333333333333;
