L-L:3.0,4.0,5.0;0.01125,0.016083333333333335,0.03941666666666666;L-M:3.0,4.0,5.0;0.03791666666666667,0.06799999999999999,0.13724999999999998;L-S:3.0,4.0,5.0;0.143,0.14758333333333332,0.17408333333333334;
M-L:3.0,4.0,5.0;0.0030833333333333333,0.01591666666666667,0.06825;M-M:3.0,4.0,5.0;0.06225,0.16799999999999998,0.2826666666666667;M-S:3.0,4.0,5.0;0.28300000000000003,0.39016666666666666,0.39375;
S-L:3.0,4.0,5.0;0.011166666666666667,0.035,0.08383333333333333;S-M:3.0,4.0,5.0;0.27025,0.3839166666666667,0.3954166666666667;S-S:3.0,4.0,5.0;0.7855833333333334,0.6119166666666667,0.34991666666666665;
