L-L:4.0;0.020083333333333335;L-M:4.0;0.0;L-S:4.0;0.12366666666666667;
M-L:4.0;0.0;M-M:4.0;0.0;M-S:4.0;0.0;
S-L:4.0;0.06308333333333334;S-M:4.0;0.0;S-S:4.0;0.10416666666666667;
