L-L:4.0;0.009416666666666667;L-M:4.0;0.12474999999999999;L-S:4.0;0.05625;
M-L:4.0;0.007;M-M:4.0;0.13033333333333333;M-S:4.0;0.23141666666666666;
S-L:4.0;0.007333333333333334;S-M:4.0;0.15575;S-S:4.0;0.2303333333333333;
