L-L:4.0;0.006833333333333333;L-M:4.0;0.0;L-S:4.0;0.11508333333333333;
M-L:4.0;0.0;M-M:4.0;0.0;M-S:4.0;0.0;
S-L:4.0;0.0001666666666666667;S-M:4.0;0.0;S-S:4.0;0.11633333333333333;
