L-L:3.0,4.0,5.0;0.0009166666666666668,0.004416666666666667,0.026166666666666664;L-M:3.0,4.0,5.0;0.0,0.0,0.0;L-S:3.0,4.0,5.0;0.033999999999999996,0.0575,0.08958333333333333;
M-L:3.0,4.0,5.0;0.0,0.0,0.0;M-M:3.0,4.0,5.0;0.0,0.0,0.0;M-S:3.0,4.0,5.0;0.0,0.0,0.0;
S-L:3.0,4.0,5.0;0.0022500000000000003,0.007,0.0295;S-M:3.0,4.0,5.0;0.0,0.0,0.0;S-S:3.0,4.0,5.0;0.09408333333333334,0.13125,0.13549999999999998;
