L-L:3.0,4.0,5.0;0.0004166666666666667,0.0035,0.016166666666666666;L-M:3.0,4.0,5.0;0.007916666666666667,0.020916666666666667,0.050249999999999996;L-S:3.0,4.0,5.0;0.02716666666666667,0.039,0.055;
M-L:3.0,4.0,5.0;0.0008333333333333334,0.0025,0.019166666666666665;M-M:3.0,4.0,5.0;0.007750000000000001,0.024749999999999998,0.06924999999999999;M-S:3.0,4.0,5.0;0.02325,0.052250000000000005,0.07858333333333332;
S-L:3.0,4.0,5.0;0.0019166666666666666,0.005416666666666667,0.02033333333333333;S-M:3.0,4.0,5.0;0.02033333333333333,0.04783333333333333,0.07616666666666667;S-S:3.0,4.0,5.0;0.07766666666666668,0.0975,0.0915;
