L-L:3.0,4.0,5.0;0.006,0.023833333333333335,0.06191666666666666;L-M:3.0,4.0,5.0;0.0,0.0,0.0;L-S:3.0,4.0,5.0;0.17741666666666667,0.17791666666666667,0.14225;
M-L:3.0,4.0,5.0;0.0,0.0,0.0;M-M:3.0,4.0,5.0;0.0,0.0,0.0;M-S:3.0,4.0,5.0;0.0,0.0,0.0;
S-L:3.0,4.0,5.0;0.012,0.04675,0.060583333333333336;S-M:3.0,4.0,5.0;0.0,0.0,0.0;S-S:3.0,4.0,5.0;0.17266666666666666,0.11016666666666666,0.03916666666666667;
