L-L:4.0;0.001;L-M:4.0;0.0;L-S:4.0;0.1565;
M-L:4.0;0.0;M-M:4.0;0.0;M-S:4.0;0.0;
S-L:4.0;0.0010833333333333333;S-M:4.0;0.0;S-S:4.0;0.012833333333333334;
