L-L:4.0;0.00025;L-M:4.0;0.006666666666666667;L-S:4.0;0.15491666666666667;
M-L:4.0;0.0;M-M:4.0;0.0;M-S:4.0;0.004;
S-L:4.0;0.0008333333333333334;S-M:4.0;0.0004166666666666667;S-S:4.0;0.01575;
