L-L:4.0;0.006583333333333333;L-M:4.0;0.0;L-S:4.0;0.09416666666666666;
M-L:4.0;0.0;M-M:4.0;0.0;M-S:4.0;0.0;
S-L:4.0;0.010916666666666667;S-M:4.0;0.0;S-S:4.0;0.03641666666666667;
