L-L:4.0;0.003;L-M:4.0;0.015583333333333333;L-S:4.0;0.07866666666666668;
M-L:4.0;0.0025;M-M:4.0;0.5293333333333333;M-S:4.0;1.6345;
S-L:4.0;0.008416666666666666;S-M:4.0;1.6415;S-S:4.0;1.78925;
