L-L:4.0;0.002333333333333333;L-M:4.0;0.044333333333333336;L-S:4.0;0.04875;
M-L:4.0;0.008;M-M:4.0;0.5888333333333333;M-S:4.0;0.5018333333333334;
S-L:4.0;0.00175;S-M:4.0;0.4776666666666667;S-S:4.0;0.074;
