L:4.0;6.84775;M:4.0;0.0;S:4.0;84.91266666666667;
L:4.0;6.207666666666666;M:4.0;1.0966666666666665;S:4.0;85.94300000000001;
