L-L:4.0;0.0021666666666666666;L-M:4.0;0.04658333333333333;L-S:4.0;0.1225;
M-L:4.0;0.00025;M-M:4.0;0.003916666666666666;M-S:4.0;0.03925;
S-L:4.0;0.0022500000000000003;S-M:4.0;0.015166666666666667;S-S:4.0;0.05966666666666666;
