L-L:3.0,4.0,5.0;0.01025,0.02575,0.056916666666666664;L-M:3.0,4.0,5.0;0.038,0.07108333333333333,0.14091666666666666;L-S:3.0,4.0,5.0;0.14158333333333334,0.14650000000000002,0.17858333333333334;
M-L:3.0,4.0,5.0;0.002833333333333333,0.0185,0.06866666666666667;M-M:3.0,4.0,5.0;0.03983333333333333,0.13733333333333334,0.26966666666666667;M-S:3.0,4.0,5.0;0.16008333333333333,0.2549166666666666,0.33625;
S-L:3.0,4.0,5.0;0.010083333333333333,0.034166666666666665,0.09175;S-M:3.0,4.0,5.0;0.1455,0.24533333333333332,0.32633333333333336;S-S:3.0,4.0,5.0;0.21150000000000002,0.16208333333333333,0.13091666666666665;
