L-L:3.0,4.0,5.0;0.0015833333333333333,0.0045000000000000005,0.018083333333333333;L-M:3.0,4.0,5.0;0.008333333333333333,0.025166666666666667,0.05516666666666667;L-S:3.0,4.0,5.0;0.027916666666666666,0.041,0.06433333333333334;
M-L:3.0,4.0,5.0;0.00025,0.005416666666666667,0.020916666666666667;M-M:3.0,4.0,5.0;0.007416666666666667,0.04358333333333333,0.096;M-S:3.0,4.0,5.0;0.028333333333333332,0.07525,0.12858333333333336;
S-L:3.0,4.0,5.0;0.001,0.008583333333333333,0.029666666666666668;S-M:3.0,4.0,5.0;0.02408333333333333,0.06866666666666667,0.1185;S-S:3.0,4.0,5.0;0.10383333333333333,0.13875,0.1435;
