L:3.0,4.0,5.0;4.860083333333334,11.026666666666666,15.564083333333333;M:3.0,4.0,5.0;0.0,0.0,0.0;S:3.0,4.0,5.0;94.75391666666667,55.72874999999999,22.265166666666666;
L:3.0,4.0,5.0;2.3395833333333327,5.0875,9.155333333333333;M:3.0,4.0,5.0;7.762833333333335,11.544416666666667,10.874333333333334;S:3.0,4.0,5.0;91.77924999999999,61.24441666666668,32.20025;
