L-L:4.0;0.03958333333333333;L-M:4.0;0.0;L-S:4.0;0.18325;
M-L:4.0;0.0;M-M:4.0;0.0;M-S:4.0;0.0;
S-L:4.0;0.0945;S-M:4.0;0.0;S-S:4.0;0.14941666666666667;
