L-L:3.0,4.0,5.0;0.029666666666666668,0.05325,0.12991666666666668;L-M:3.0,4.0,5.0;0.0,0.0,0.0;L-S:3.0,4.0,5.0;0.21433333333333332,0.32608333333333334,0.35733333333333334;
M-L:3.0,4.0,5.0;0.0,0.0,0.0;M-M:3.0,4.0,5.0;0.0,0.0,0.0;M-S:3.0,4.0,5.0;0.0,0.0,0.0;
S-L:3.0,4.0,5.0;0.04766666666666667,0.17875,0.25458333333333333;S-M:3.0,4.0,5.0;0.0,0.0,0.0;S-S:3.0,4.0,5.0;0.64875,0.8582500000000001,0.5103333333333333;
