L-L:3.0,4.0,5.0;0.0,0.0019166666666666666,0.027250000000000003;L-M:3.0,4.0,5.0;0.0,0.0,0.0;L-S:3.0,4.0,5.0;0.0,0.020416666666666666,0.1165;
M-L:3.0,4.0,5.0;0.0,0.0,0.0;M-M:3.0,4.0,5.0;0.0,0.0,0.0;M-S:3.0,4.0,5.0;0.0,0.0,0.0;
S-L:3.0,4.0,5.0;0.0,0.00475,0.051333333333333335;S-M:3.0,4.0,5.0;0.0,0.0,0.0;S-S:3.0,4.0,5.0;0.0,0.13991666666666666,0.4429166666666667;
