L-L:3.0,4.0,5.0;0.021500000000000002,0.025166666666666667,0.04608333333333333;L-M:3.0,4.0,5.0;0.03858333333333333,0.07283333333333333,0.1475;L-S:3.0,4.0,5.0;0.15325,0.16533333333333333,0.19416666666666665;
M-L:3.0,4.0,5.0;0.004083333333333334,0.022,0.07858333333333332;M-M:3.0,4.0,5.0;0.07983333333333333,0.22366666666666665,0.3908333333333333;M-S:3.0,4.0,5.0;0.36433333333333334,0.5403333333333333,0.5594166666666667;
S-L:3.0,4.0,5.0;0.021083333333333332,0.04975,0.103;S-M:3.0,4.0,5.0;0.3495,0.5320833333333334,0.5613333333333334;S-S:3.0,4.0,5.0;1.1815,0.9656666666666667,0.6054166666666667;
